"•","","","","",""
"","objections","raised  on  behalf  of  the","respondents  and  dismisses","the",""
"","application.","","","",""
"","","","JUDGE OF THE  COURT OF APPEAL.","",""
"","P.Padman Surasena, 1.","","","",""
"","I  agree.","","","",""
"","","","JUDGE  OF THE  COURT OF APPEAL.","",""
"","NR/-","","","",""
"","","","","","f"
"","","","","","f"
"","","5","","",""
"","","","","","t"
