"V
S."
"1
.  Urban Council."
"Panadura."
"2.  Nandana Gunathilaka."
"Chairman,"
"Urban Council,"
"Panadura."
"3.  P. H. Wilmon."
"Vice Chairman,"
"Urban Council,"
"Panadura."
